octave:93> lup
P =

   1   0   0   0   0   0   0   0   0   0
   0   1   0   0   0   0   0   0   0   0
   0   0   1   0   0   0   0   0   0   0
   0   0   0   1   0   0   0   0   0   0
   0   0   0   0   0   1   0   0   0   0
   0   0   0   0   0   0   1   0   0   0
   0   0   0   0   0   0   0   1   0   0
   0   0   0   0   0   0   0   0   1   0
   0   0   0   0   0   0   0   0   0   1
   0   0   0   0   1   0   0   0   0   0

L =

    1.000000    1.000000    1.000000
    2.000000    2.000000    1.000000
    3.000000    3.000000    1.000000
    4.000000    4.000000    1.000000
    5.000000    5.000000    1.000000
    6.000000    6.000000    1.000000
    7.000000    7.000000    1.000000
    8.000000    8.000000    1.000000
    9.000000    9.000000    1.000000
   10.000000   10.000000    1.000000
    2.000000    1.000000    0.072555
    3.000000    2.000000    0.765973
    4.000000    3.000000    0.188543
   10.000000    4.000000    0.144609
   10.000000    5.000000    0.198380
   10.000000    6.000000    0.031430
   10.000000    7.000000   -0.355947
   10.000000    8.000000    0.210359
   10.000000    9.000000   -0.814677

U =

    1.00000    1.00000   43.87440
    1.00000    2.00000   27.60250
    1.00000    3.00000    0.00000
    2.00000    2.00000   36.15311
    2.00000    3.00000   67.97030
    2.00000    4.00000    0.00000
    3.00000    3.00000   24.48829
    3.00000    4.00000   65.50980
    3.00000    5.00000    0.00000
    4.00000    4.00000   67.16857
    4.00000    5.00000   16.26120
    4.00000    6.00000    0.00000
    5.00000    5.00000   82.34580
    5.00000    6.00000   48.97640
    5.00000    7.00000   49.83640
    6.00000    6.00000   69.48290
    6.00000    7.00000   44.55860
    6.00000    8.00000   95.97440
    7.00000    7.00000   31.70990
    7.00000    8.00000   64.63130
    7.00000    9.00000   34.03860
    8.00000    8.00000   95.02220
    8.00000    9.00000   70.93650
    8.00000   10.00000   58.52680
    9.00000    9.00000    3.44460
    9.00000   10.00000   75.46870
   10.00000   10.00000   49.17096

P*AA =

   43.87440   27.60250    0.00000    0.00000    0.00000    0.00000    0.00000    0.00000    0.00000    0.00000
    3.18330   38.15580   67.97030    0.00000    0.00000    0.00000    0.00000    0.00000    0.00000    0.00000
    0.00000   27.69230   76.55170   65.50980    0.00000    0.00000    0.00000    0.00000    0.00000    0.00000
    0.00000    0.00000    4.61710   79.52000   16.26120    0.00000    0.00000    0.00000    0.00000    0.00000
    0.00000    0.00000    0.00000    0.00000   82.34580   48.97640   49.83640    0.00000    0.00000    0.00000
    0.00000    0.00000    0.00000    0.00000    0.00000   69.48290   44.55860   95.97440    0.00000    0.00000
    0.00000    0.00000    0.00000    0.00000    0.00000    0.00000   31.70990   64.63130   34.03860    0.00000
    0.00000    0.00000    0.00000    0.00000    0.00000    0.00000    0.00000   95.02220   70.93650   58.52680
    0.00000    0.00000    0.00000    0.00000    0.00000    0.00000    0.00000    0.00000    3.44460   75.46870
    0.00000    0.00000    0.00000    9.71320   18.68730   11.89980    0.00000    0.00000    0.00000    0.00000

LL*UU =

   43.87440   27.60250    0.00000    0.00000    0.00000    0.00000    0.00000    0.00000    0.00000    0.00000
    3.18330   38.15580   67.97030    0.00000    0.00000    0.00000    0.00000    0.00000    0.00000    0.00000
    0.00000   27.69230   76.55170   65.50980    0.00000    0.00000    0.00000    0.00000    0.00000    0.00000
    0.00000    0.00000    4.61710   79.52000   16.26120    0.00000    0.00000    0.00000    0.00000    0.00000
    0.00000    0.00000    0.00000    0.00000   82.34580   48.97640   49.83640    0.00000    0.00000    0.00000
    0.00000    0.00000    0.00000    0.00000    0.00000   69.48290   44.55860   95.97440    0.00000    0.00000
    0.00000    0.00000    0.00000    0.00000    0.00000    0.00000   31.70990   64.63130   34.03860    0.00000
    0.00000    0.00000    0.00000    0.00000    0.00000    0.00000    0.00000   95.02220   70.93650   58.52680
    0.00000    0.00000    0.00000    0.00000    0.00000    0.00000    0.00000    0.00000    3.44460   75.46870
    0.00000    0.00000    0.00000    9.71320   18.68730   11.89980    0.00000    0.00000    0.00000    0.00000

octave:94> 

